r(15,0,0,0)
r(10,0,0,0)
r(0,0,0,0)
w(18,1,0,0)
w(7,1,0,0)
r(3,0,0,0)
r(13,0,0,0)
r(9,0,0,0)
w(16,1,0,0)
r(8,0,0,0)
r(5,0,0,1)
r(3,0,0,1)
r(2,26,0,1)
r(17,0,0,1)
w(7,2,0,1)
r(16,1,0,1)
r(18,32,0,1)
w(6,1,0,1)
r(15,0,0,1)
r(10,0,0,1)
r(5,24,0,2)
r(3,0,0,2)
r(16,26,0,2)
r(18,32,0,2)
r(8,0,0,2)
r(0,0,0,2)
r(12,0,0,2)
r(1,26,0,2)
r(7,2,0,2)
r(19,19,0,2)
w(3,1,0,3)
r(7,2,0,3)
r(13,20,0,3)
w(5,1,0,3)
r(15,0,0,3)
w(14,1,0,3)
w(17,1,0,3)
w(10,1,0,3)
w(4,1,0,3)
w(11,1,0,3)
r(9,28,0,4)
r(2,27,0,4)
r(10,1,0,4)
r(6,1,0,4)
w(11,2,0,4)
r(0,28,0,4)
w(15,1,0,4)
r(18,33,0,4)
w(16,2,0,4)
r(4,1,0,4)
w(19,1,0,5)
w(13,1,0,5)
w(3,2,0,5)
w(18,2,0,5)
r(17,1,0,5)
w(0,1,0,5)
w(10,2,0,5)
r(2,27,0,5)
r(9,28,0,5)
w(15,2,0,5)
w(7,3,0,6)
r(14,1,0,6)
r(6,1,0,6)
r(13,21,0,6)
w(16,3,0,6)
w(15,3,0,6)
w(0,2,0,6)
r(5,1,0,6)
w(9,1,0,6)
w(12,1,0,6)
r(15,2,0,7)
w(10,3,0,7)
r(17,28,0,7)
r(6,33,0,7)
w(18,3,0,7)
w(8,1,0,7)
r(11,24,0,7)
w(0,3,0,7)
r(19,1,0,7)
w(1,1,0,7)
w(9,2,0,8)
r(1,29,0,8)
r(2,29,0,8)
w(7,4,0,8)
r(0,30,0,8)
w(6,2,0,8)
r(15,2,0,8)
w(18,4,0,8)
r(17,28,0,8)
w(3,3,0,8)
w(2,1,0,9)
w(19,2,0,9)
r(18,4,0,9)
w(16,4,0,9)
r(13,22,0,9)
r(1,29,0,9)
r(10,26,0,9)
w(4,2,0,9)
w(3,4,0,9)
w(9,3,0,9)
w(4,28,1,10)
r(3,0,1,10)
r(17,0,1,10)
r(6,0,1,10)
r(10,0,1,10)
r(11,0,1,10)
w(19,19,1,10)
w(2,25,1,10)
r(15,0,1,10)
r(5,0,1,10)
w(6,32,1,11)
w(7,29,1,11)
r(8,0,1,11)
r(16,1,1,11)
w(2,26,1,11)
w(9,27,1,11)
r(4,28,1,11)
r(11,0,1,11)
w(18,32,1,11)
r(10,0,1,11)
w(2,27,1,12)
w(1,26,1,12)
w(11,22,1,12)
w(5,24,1,12)
r(17,0,1,12)
w(4,29,1,12)
w(10,25,1,12)
w(9,28,1,12)
r(6,32,1,12)
w(16,26,1,12)
r(19,19,1,13)
r(5,24,1,13)
w(4,30,1,13)
r(10,25,1,13)
r(6,1,1,13)
w(16,27,1,13)
r(1,26,1,13)
r(9,28,1,13)
r(12,0,1,13)
w(11,23,1,13)
w(18,33,1,14)
r(10,25,1,14)
r(11,23,1,14)
w(12,26,1,14)
w(14,26,1,14)
w(17,27,1,14)
w(0,28,1,14)
r(19,19,1,14)
w(13,20,1,14)
w(1,27,1,14)
r(7,2,1,15)
w(18,34,1,15)
w(10,26,1,15)
w(1,28,1,15)
w(13,21,1,15)
w(0,29,1,15)
w(2,28,1,15)
r(5,1,1,15)
r(17,1,1,15)
w(12,27,1,15)
r(19,1,1,16)
r(13,21,1,16)
w(2,29,1,16)
r(0,29,1,16)
r(11,2,1,16)
w(1,29,1,16)
w(6,33,1,16)
r(14,1,1,16)
r(3,2,1,16)
r(4,1,1,16)
w(0,30,1,17)
r(18,34,1,17)
r(15,2,1,17)
w(17,28,1,17)
r(12,27,1,17)
r(16,2,1,17)
w(14,27,1,17)
r(19,1,1,17)
w(8,20,1,17)
w(11,24,1,17)
w(5,25,1,18)
w(11,25,1,18)
r(14,27,1,18)
r(6,33,1,18)
w(12,28,1,18)
w(13,22,1,18)
r(8,20,1,18)
r(18,34,1,18)
w(19,20,1,18)
w(16,28,1,18)
w(12,29,1,19)
w(17,29,1,19)
w(8,21,1,19)
r(3,4,1,19)
r(0,30,1,19)
r(16,4,1,19)
w(11,26,1,19)
r(1,29,1,19)
w(19,21,1,19)
w(9,29,1,19)
